-58.21
-58.21
-58.21
-58.21
-58.21
-58.21
-58.21
-58.21
-58.21
-58.21
-58.21
-58.5
-58.5
-58.5
-58.8
-58.8
-58.8
-58.8
-58.8
-58.8
-60.26
-63.78
-67.6
-67.6
-75.81
-84.31
-89.59
-89.59
-94.87
-94.87
-94.87
-105.43
-121.26
-121.26
-129.18
-133.58
-135.34
-135.04
-135.04
-132.99
-131.82
-131.82
-132.11
-132.11
-132.11
-132.7
-132.99
-132.99
-132.99
-132.99
-132.99
-132.99
-132.99
-132.99
-132.4
-130.94
-129.47
-129.47
-127.42
-124.49
-122.73
-121.85
-121.85
-120.38
-118.33
-116.57
-115.1
-115.1
-113.34
-109.53
-106.89
-105.43
-105.43
-103.08
-98.39
-94.87
-91.94
-91.94
-88.71
-88.71
-82.84