-89.88
-89.88
-89.88
-89.88
-89.88
-89.88
-89.59
-89.59
-89.88
-89.88
-89.88
-89.88
-89.88
-89.59
-89.59
-89.59
-89.59
-89.59
-89.59
-89.59
-89.59
-89.59
-89.59
-89.59
-89.59
-89.59
-89.59
-89.59
-89.59
-89.59
-89.59
-89.59
-89.59
-89.59
-89.59
-89.59
-89.59
-89.59
-89.59
-89.59
-89.59
-89.88
-89.88
-89.88
-89.88
-89.88
-89.88
-89.59
-89.59
-89.88
-89.88
-89.88
-89.88
-89.88
-89.88
-89.88
-89.59
-89.59
-89.59
-89.59
-89.59
-89.88
-89.88
-89.88
-89.88
-89.88
-89.88
-89.88
-89.88
-89.88
-89.88
-89.88
-89.88
-89.88
-89.88
-89.88
-89.88
-89.88
-89.88
-89.88
-89.88