101.32
101.32
101.32
101.32
101.32
101.32
101.32
101.32
101.32
101.61
102.2
102.2
102.2
103.08
103.08
102.2
102.2
102.2
102.2
102.2
102.2
102.2
102.2
102.2
102.2
102.2
102.2
102.2
102.2
102.2
102.2
102.2
102.2
102.2
102.2
102.2
102.2
101.91
101.91
101.32
101.32
101.32
101.03
101.03
101.61
101.61
101.61
101.61
101.61
101.61
101.61
101.61
101.61
101.61
101.61
101.61
101.61
101.61
101.61
101.32
101.03
101.03
101.03
100.73
100.44
100.73
100.73
100.73
100.73
100.73
100.73
100.73
100.73
100.73
100.73
100.73
100.73
100.73
100.73
100.73
100.73