101.61
101.61
101.61
101.91
101.91
102.49
102.49
102.49
102.49
101.32
99.27
98.97
98.97
98.97
98.97
98.97
98.97
98.97
98.97
98.97
98.97
98.97
99.85
99.85
101.91
101.91
101.91
101.91
101.32
101.32
101.32
101.61
99.27
99.27
98.97
98.97
98.97
99.27
99.27
98.97
99.85
99.85
98.97
98.97
98.68
98.68
98.68
98.68
98.68
98.68
98.68
98.68
98.68
98.68
98.68
98.68
98.39
98.39
98.39
98.39
98.68
98.39
98.39
98.68
98.97
98.97
98.97
98.97
99.27
99.27
99.27
99.27
99.27
99.56
100.73
101.03
101.32
101.32
101.32
101.32
101.32