-89.88
-89.88
-89.88
-89.88
-89.88
-89.88
-89.88
-89.88
-89.88
-89.88
-89.88
-89.88
-89.88
-89.88
-89.88
-89.59
-89.59
-89.59
-89.59
-89.59
-89.59
-89.59
-89.59
-89.59
-89.59
-89.59
-89.59
-89.59
-89.59
-89.59
-89.59
-89.59
-89.59
-89.59
-89.88
-90.18
-89.88
-89.59
-89.59
-89.59
-89.88
-89.88
-89.59
-89.59
-89.88
-89.59
-89.88
-89.59
-89.59
-89.59
-89.59
-89.88
-89.88
-89.88
-89.88
-89.88
-89.88
-89.88
-89.59
-89.88
-89.88
-89.88
-89.88
-89.88
-89.88
-89.88
-89.88
-89.88
-89.88
-89.88
-89.88
-89.88
-89.88
-89.88
-89.88
-89.88
-89.88
-89.88
-89.88
-89.88
-89.88