101.61
101.61
101.61
101.61
101.61
101.32
101.32
101.32
101.32
101.61
101.91
102.49
102.49
102.49
102.49
102.2
102.2
101.91
101.91
101.91
101.91
101.91
102.2
102.2
101.91
101.91
101.91
101.91
101.91
101.91
101.91
101.91
101.91
101.91
101.91
101.91
101.91
101.91
101.91
101.61
101.32
100.73
100.73
100.73
101.61
101.91
101.91
101.61
101.61
101.61
101.61
101.61
101.61
101.61
101.91
101.91
101.91
101.91
101.61
101.32
100.73
100.73
100.73
100.44
100.44
100.15
100.15
100.15
100.15
99.85
99.56
99.56
99.56
99.56
99.56
99.56
99.56
99.56
99.85
99.85
100.44