-100.44
-100.44
-100.44
-101.03
-101.03
-106.6
-110.41
-110.41
-115.98
-121.55
-123.31
-123.02
-123.02
-122.43
-122.43
-121.55
-121.55
-121.55
-121.55
-121.55
-121.55
-121.26
-121.26
-121.26
-121.26
-121.55
-122.14
-122.14
-122.14
-122.14
-122.14
-122.14
-121.55
-121.55
-121.26
-120.67
-119.21
-116.86
-116.86
-113.64
-110.12
-106.6
-102.49
-102.49
-97.51
-97.51
-98.09
-98.97
-98.97
-100.15
-100.44
-100.44
-100.44
-100.44
-100.44
-100.44
-100.44
-100.44
-100.44
-100.44
-100.44
-100.44
-100.44
-100.73
-100.73
-100.73
-100.73
-100.73
-100.73
-100.73
-100.73
-100.73
-100.73
-100.73
-100.73
-100.73
-100.73
-100.73
-100.73
-100.73
-100.73